a...................... 12: 1 2 4 5 7 8 10 11 
if...................... 4: 2 5 8 11 
is...................... 4: 3 6 9 12 
of..................... 12: 1 2 4 5 7 8 10 11 
peck................... 16: 1 2 3 4 5 6 7 8 9 10 11 12 
peppers................ 12: 1 2 3 4 5 6 7 8 9 10 11 12 
peter.................. 16: 1 2 3 4 5 6 7 8 9 10 11 12 
picked................. 16: 1 2 3 4 5 6 7 8 9 10 11 12 
pickled................ 12: 1 3 4 6 7 9 10 12 
piper.................. 16: 1 2 3 4 5 6 7 8 9 10 11 12 
that.................... 4: 3 6 9 12 
the..................... 4: 3 6 9 12 
where................... 4: 3 6 9 12 
