A
a...................... 12: 1 2 4 5 7 8 10 11 

I
if...................... 4: 2 5 8 11 
is...................... 4: 3 6 9 12 

O
of..................... 12: 1 2 4 5 7 8 10 11 

P
peck................... 16: 1 2 3 4 5 6 7 8 9 10 11 12 
peppers................. 4: 2 5 8 11 
peppers,................ 4: 3 6 9 12 
peppers................. 4: 1 4 7 10 
peter.................. 16: 1 2 3 4 5 6 7 8 9 10 11 12 
picked.................. 8: 1 2 4 5 7 8 10 11 
picked.................. 4: 2 5 8 11 
picked?................. 4: 3 6 9 12 
pickled................ 12: 1 3 4 6 7 9 10 12 
piper.................. 16: 1 2 3 4 5 6 7 8 9 10 11 12 

T
that.................... 4: 3 6 9 12 
the..................... 4: 3 6 9 12 

W
where................... 4: 3 6 9 12 

